100
4
8 13 7 1
16 4 14 3
11 5 6 12
15 10 2 9
4
3 16 6 13
1 15 7 4
14 12 11 8
10 9 2 5
2
1 9 12 15
13 11 7 8
3 14 2 4
6 5 10 16
2
2 16 4 9
8 13 11 7
5 1 15 12
14 3 6 10
2
9 14 13 11
6 3 16 8
2 4 1 15
5 12 7 10
3
14 5 7 9
13 8 11 3
1 12 15 4
10 6 2 16
1
8 7 3 4
6 10 2 5
13 16 14 15
11 1 9 12
2
12 16 8 6
3 1 4 7
5 14 11 10
2 13 15 9
4
6 13 5 9
4 14 11 2
7 3 1 16
10 8 12 15
1
12 13 9 16
10 8 15 4
11 14 1 5
2 6 7 3
3
6 14 2 13
5 8 12 11
10 4 1 16
7 3 9 15
1
6 13 5 11
10 1 9 8
12 3 15 16
14 4 7 2
4
3 15 5 11
4 16 6 10
7 13 1 2
14 8 9 12
1
5 4 13 16
3 2 1 14
10 11 12 15
8 6 7 9
2
13 6 9 16
12 10 11 8
5 15 14 4
3 2 7 1
1
7 15 4 9
11 16 2 5
14 1 8 12
3 13 10 6
1
7 5 10 13
12 1 11 2
16 3 15 8
6 14 9 4
3
4 16 10 2
5 7 9 13
12 14 1 11
8 15 3 6
3
3 11 15 1
12 5 4 14
10 7 16 9
6 13 8 2
4
10 4 5 8
9 14 2 7
6 16 11 3
13 1 12 15
2
2 7 14 15
6 9 5 3
12 13 8 11
16 4 10 1
2
10 8 13 14
3 5 6 9
1 7 4 11
12 15 2 16
2
5 6 4 11
12 13 7 9
14 15 2 10
16 1 8 3
3
2 8 11 14
3 12 10 5
16 15 4 6
13 1 9 7
3
8 7 12 9
14 13 6 16
3 4 15 2
10 5 11 1
3
13 7 9 10
5 8 6 11
4 15 3 12
1 14 16 2
1
10 16 12 6
9 13 4 14
7 2 3 15
1 5 8 11
2
6 16 1 8
9 10 7 4
2 11 3 15
13 12 5 14
4
12 13 9 6
11 14 1 16
5 7 15 8
10 2 3 4
2
12 9 14 6
11 16 13 1
5 10 15 7
4 3 8 2
2
13 2 10 11
6 9 4 16
15 1 7 3
5 14 12 8
3
16 12 8 3
9 7 4 13
1 10 2 14
6 15 11 5
4
8 15 7 3
1 4 12 2
13 10 16 5
6 9 14 11
4
2 15 14 12
9 5 7 16
13 8 3 1
11 10 6 4
4
13 10 8 1
4 6 5 7
11 2 15 3
9 16 14 12
4
3 7 6 13
16 8 11 15
2 4 1 5
9 10 12 14
1
8 4 16 10
1 14 9 7
2 15 13 12
6 3 5 11
3
7 14 2 4
1 16 12 6
3 5 15 9
10 13 8 11
4
15 9 7 13
14 1 4 16
11 8 2 12
3 6 5 10
3
11 4 13 5
10 2 14 7
9 6 8 1
15 3 16 12
4
13 11 5 10
3 2 8 14
12 9 6 1
4 15 16 7
2
7 15 4 14
5 8 2 10
12 1 3 13
11 6 16 9
4
13 6 7 9
15 12 14 10
5 2 16 4
1 3 8 11
2
14 10 4 2
12 6 3 9
16 5 8 11
1 15 13 7
2
12 15 7 1
14 8 4 13
2 16 11 9
6 10 3 5
4
10 16 11 5
6 1 3 2
15 9 14 12
13 4 7 8
4
15 1 8 6
10 5 3 2
9 12 7 13
16 11 4 14
3
15 5 7 10
3 8 12 2
4 9 11 14
16 13 1 6
4
5 16 2 7
13 1 4 8
9 6 14 11
3 15 12 10
3
8 15 11 1
3 5 14 2
12 6 9 7
16 10 4 13
4
3 5 10 14
9 1 6 13
16 12 7 2
8 11 15 4
3
5 4 3 2
7 11 12 6
13 10 16 8
15 9 14 1
4
12 3 14 5
4 15 16 2
7 10 9 13
11 6 1 8
2
16 14 10 1
6 15 7 4
3 12 13 11
8 5 9 2
1
3 7 2 4
12 13 15 16
14 9 10 1
11 6 8 5
2
16 6 10 4
9 5 7 13
14 2 11 8
12 3 15 1
4
3 1 2 8
10 6 14 11
12 13 7 16
5 4 15 9
1
4 9 10 11
5 8 3 12
6 16 7 15
2 1 14 13
2
6 13 2 7
9 4 14 8
5 15 1 16
3 12 11 10
1
11 10 15 3
1 2 4 12
5 8 13 6
7 9 16 14
3
2 6 3 15
13 5 9 11
12 14 8 1
10 16 7 4
2
3 16 5 6
2 9 7 15
11 10 4 14
1 13 12 8
4
9 8 5 13
1 11 7 10
15 14 2 3
4 6 12 16
1
15 12 4 11
14 8 9 7
13 1 5 16
3 6 2 10
1
14 6 2 9
4 5 16 7
10 3 8 13
11 15 12 1
1
10 9 11 7
12 6 15 13
4 14 5 3
1 8 16 2
3
12 2 15 6
16 10 8 14
9 4 7 1
3 11 5 13
2
7 8 5 12
14 11 3 10
4 13 15 2
16 6 1 9
1
3 11 14 8
1 7 5 13
12 15 2 16
10 4 9 6
4
16 6 2 15
13 11 10 1
3 5 8 14
9 7 4 12
2
6 13 7 14
5 4 9 8
15 12 10 2
16 11 1 3
3
13 15 2 1
5 6 4 9
7 8 11 12
14 3 10 16
3
3 7 10 14
2 12 9 16
11 1 5 4
6 8 13 15
2
5 3 4 7
10 14 15 11
1 9 13 6
12 2 8 16
1
13 8 3 5
12 15 16 7
4 10 2 1
14 11 6 9
2
2 8 5 4
11 12 16 3
13 1 15 10
14 7 6 9
3
16 6 12 1
7 3 15 4
8 9 5 10
2 14 13 11
3
2 13 8 14
12 1 15 6
3 7 4 16
9 11 10 5
1
16 3 4 2
8 10 1 5
11 6 14 15
9 13 7 12
4
15 11 5 9
10 6 14 16
12 8 13 7
1 4 3 2
3
3 6 13 5
14 11 4 1
9 15 10 7
8 16 12 2
2
8 10 14 2
12 15 13 5
7 16 4 9
11 1 3 6
1
7 6 13 14
10 12 2 3
8 11 15 5
9 16 4 1
1
14 13 7 4
11 10 3 8
2 1 6 16
9 12 5 15
4
9 1 3 16
4 7 10 13
8 15 14 6
5 12 2 11
1
16 7 3 4
13 1 6 11
8 5 12 10
15 2 9 14
3
10 15 12 8
6 1 4 2
9 5 13 3
14 11 7 16
2
9 12 8 16
1 4 2 5
11 15 3 13
14 6 7 10
1
11 9 2 6
8 3 7 13
4 12 14 1
15 10 16 5
1
9 6 2 11
13 14 3 8
15 4 12 5
7 16 1 10
2
2 3 9 16
7 13 12 15
6 11 5 1
8 14 10 4
1
9 1 16 10
13 15 12 14
4 7 11 6
2 8 5 3
2
8 12 6 16
7 4 14 9
13 10 15 5
1 11 3 2
2
14 13 6 10
12 15 11 1
3 9 4 16
7 5 2 8
1
3 14 13 2
8 7 10 11
1 12 15 5
9 4 16 6
1
2 7 9 15
14 5 12 4
13 3 1 16
10 8 6 11
1
11 2 12 4
9 6 1 14
16 10 3 15
7 8 13 5
3
3 5 2 12
14 4 15 13
16 6 11 8
9 10 1 7
3
13 8 6 3
15 5 14 1
12 11 2 16
9 4 7 10
1
1 12 11 5
7 10 13 14
4 6 16 2
8 9 3 15
1
11 14 4 6
1 8 5 7
3 9 16 12
10 13 2 15
4
15 13 4 11
7 14 8 6
12 1 5 16
3 10 2 9
2
4 2 7 3
16 9 1 14
12 5 15 13
8 11 6 10
1
13 14 5 4
7 8 9 16
12 15 6 2
10 1 11 3
1
5 10 2 3
6 12 13 11
15 14 8 1
9 16 4 7
4
11 4 5 15
12 3 9 8
16 7 1 14
13 2 6 10
1
9 8 5 14
4 11 6 13
1 15 3 12
10 16 7 2
4
9 6 5 11
13 7 15 10
16 1 12 3
14 4 2 8
4
1 5 2 10
11 15 14 4
12 6 3 13
9 16 7 8
2
12 14 4 8
2 1 16 5
6 15 3 7
9 13 11 10
3
14 16 8 1
12 9 10 7
15 5 3 13
11 2 4 6
4
10 6 15 13
2 12 3 8
4 9 14 11
5 7 16 1
2
16 4 7 13
6 12 3 11
8 2 15 9
10 1 5 14
4
12 13 15 1
14 5 9 4
11 8 3 10
6 7 2 16
4
13 8 5 9
12 10 15 14
11 3 1 6
2 16 7 4
3
10 6 14 16
15 7 4 11
8 5 13 1
2 12 9 3
3
8 15 9 7
13 3 12 5
2 4 14 1
11 16 6 10
3
2 11 5 4
3 14 8 16
9 13 6 1
10 15 12 7
1
3 6 9 5
11 16 4 1
12 8 14 10
13 2 7 15
2
16 1 9 7
5 15 6 13
12 10 3 2
11 14 8 4
4
11 1 2 6
15 8 10 14
3 12 13 16
7 5 4 9
1
14 9 11 10
3 7 12 8
13 15 4 5
16 6 2 1
2
14 13 8 10
6 9 4 15
11 2 7 5
12 1 16 3
2
7 3 9 6
13 11 14 5
1 4 12 2
8 16 10 15
1
11 7 14 9
4 8 3 1
16 15 10 13
2 12 6 5
4
13 11 14 8
3 16 6 2
10 7 1 9
15 5 12 4
3
2 14 16 13
4 5 1 12
6 10 11 3
15 8 7 9
2
12 1 9 16
10 6 3 11
5 8 15 4
2 7 13 14
2
13 4 14 15
5 11 9 2
8 12 7 6
3 1 10 16
3
16 15 1 10
6 3 7 13
2 9 5 11
8 4 14 12
4
13 7 2 1
8 6 3 12
4 11 9 16
10 5 15 14
1
13 8 12 7
9 6 2 10
1 15 4 16
3 5 14 11
4
6 13 14 1
9 4 3 15
7 11 5 8
16 2 12 10
3
11 9 8 4
6 5 3 13
2 16 10 12
1 14 15 7
4
15 10 2 1
13 3 7 11
5 4 8 12
9 14 6 16
4
6 13 15 2
11 3 5 10
4 12 1 9
7 8 16 14
1
3 6 13 16
10 14 8 4
7 5 12 11
15 2 1 9
4
4 5 16 8
7 15 13 14
12 9 11 6
1 10 3 2
1
5 15 16 13
1 7 8 6
10 4 2 11
9 3 14 12
4
16 6 11 5
12 9 15 13
4 1 14 8
10 2 7 3
4
15 10 7 3
6 2 12 9
4 8 13 14
16 1 5 11
3
4 10 11 2
7 13 6 8
16 1 12 9
14 3 5 15
3
13 9 6 2
11 5 7 8
10 15 14 12
4 3 16 1
1
12 4 14 8
16 13 6 3
9 7 11 1
15 10 5 2
2
3 16 5 15
14 13 12 9
11 1 7 2
10 6 4 8
4
5 15 8 2
4 13 16 14
9 12 11 7
1 10 6 3
4
5 6 8 15
3 13 2 4
12 10 16 1
9 14 7 11
4
15 4 16 8
5 14 7 6
10 2 11 12
9 1 13 3
4
14 15 8 4
10 3 9 12
11 5 7 13
6 1 2 16
3
11 1 15 2
12 10 16 3
6 8 9 14
7 13 4 5
2
8 1 11 3
4 7 16 13
10 5 6 15
14 2 9 12
2
8 7 10 14
4 11 6 9
2 5 13 15
3 16 1 12
3
7 2 3 9
12 10 8 1
14 6 16 11
15 13 5 4
3
7 10 15 14
12 2 3 5
8 13 6 16
4 1 11 9
4
16 6 9 8
3 12 1 15
4 10 13 5
14 2 11 7
1
8 2 14 16
9 4 7 1
6 3 5 13
11 12 10 15
3
1 9 15 10
14 12 6 5
2 8 11 13
3 16 7 4
2
2 3 11 7
6 10 4 8
14 9 5 1
13 15 16 12
1
9 1 12 11
16 15 6 13
14 4 3 7
8 5 10 2
3
2 3 16 6
1 7 13 14
15 9 5 11
12 8 10 4
2
7 16 13 4
5 11 2 14
6 9 15 3
1 12 8 10
4
3 2 4 7
15 6 10 13
8 12 16 1
5 14 11 9
4
14 11 1 13
5 16 4 9
15 6 3 10
8 7 12 2
1
14 6 9 11
7 10 5 8
12 4 15 1
2 3 16 13
4
5 9 7 14
1 10 11 15
6 8 4 16
13 2 3 12
3
6 16 9 13
3 5 7 14
8 2 12 15
11 4 10 1
1
9 1 11 10
7 16 8 6
13 4 12 14
5 15 3 2
1
1 16 11 8
5 12 14 4
2 9 3 15
6 10 13 7
1
6 11 3 15
12 9 13 8
5 1 7 14
4 2 10 16
2
13 3 11 6
15 12 7 8
9 2 10 1
4 16 14 5
3
7 12 9 4
10 5 11 13
3 6 15 8
16 1 14 2
1
3 1 10 11
9 6 8 5
2 13 7 12
15 14 4 16
4
7 10 2 15
9 16 12 8
3 1 4 11
6 13 14 5
1
4 11 1 3
5 9 10 6
8 13 16 12
2 7 14 15
4
16 10 5 1
4 14 3 12
15 11 2 9
13 8 6 7
4
12 16 15 11
2 3 4 10
14 5 9 1
6 7 8 13
1
5 6 8 4
1 10 11 2
12 9 15 13
3 14 7 16
4
4 1 7 16
6 15 5 14
13 12 10 9
3 8 2 11
1
3 15 4 1
10 9 16 12
11 14 2 8
7 13 6 5
1
1 11 4 3
7 15 6 2
14 9 13 12
16 5 10 8
2
15 4 13 7
5 10 3 14
16 6 1 12
9 2 8 11
1
1 3 16 15
10 12 8 11
14 6 2 13
5 4 9 7
2
4 14 12 13
11 2 3 5
9 8 15 1
6 10 16 7
4
14 13 12 3
2 5 11 7
4 9 15 8
16 1 6 10
2
9 1 5 6
7 16 4 15
12 10 8 2
14 13 11 3
4
16 4 8 3
11 12 1 7
2 13 10 15
6 5 14 9
3
10 13 11 7
12 3 9 14
5 8 1 16
6 15 2 4
3
12 7 15 13
16 3 2 1
11 9 10 5
6 8 4 14
3
3 11 14 13
15 4 7 9
6 10 1 2
5 8 12 16
4
15 9 7 4
8 16 13 2
14 11 12 3
5 6 10 1
1
9 5 11 3
7 13 6 12
2 1 16 8
10 15 4 14
3
6 7 11 9
15 10 8 1
4 12 16 3
14 13 5 2
3
3 16 12 11
5 6 4 14
10 15 2 13
9 8 7 1
4
3 1 14 5
12 9 16 7
11 4 2 8
6 13 15 10
1
1 5 10 4
15 7 11 16
9 8 12 6
13 14 3 2
2
14 11 16 1
3 5 9 6
7 15 2 4
12 10 8 13
2
6 7 8 3
12 9 5 4
16 14 11 2
13 1 15 10
3
14 8 16 7
12 3 1 15
6 5 4 13
9 11 2 10
2
10 14 4 13
5 3 11 6
1 15 8 9
16 7 2 12
4
16 3 12 4
14 11 7 9
15 5 13 1
8 6 2 10
