100
493.34324 1.19354 1954.40138
447.00000 1.00000 459.00000
75.00000 2.00000 150.00000
490.55955 1.46489 1904.25995
165.0 4.0 352.0
460.12467 3.48100 1791.25091
496.59707 1.05083 1952.19467
459.00000 2.00000 918.00000
492.69405 1.46188 1919.53492
310.00000 3.00000 322.00000
72.14 3.04 2000.0
195.94604 2.49447 1250.90430
42.72857 1.77737 749.29059
227.84860 3.85622 1589.44383
492.19718 1.21279 1948.42106
93.0 4.0 92.0
495.60741 1.17522 1940.92703
492.84170 1.11438 1926.44532
498.70149 1.35443 1972.40287
324.0 1.0 320.0
496.97060 1.37010 1987.53490
1.00 3.40 1180.45190
412.0 4.0 882.0
497.66246 1.39961 1955.43103
244.25245 2.42692 382.22458
144.72459 3.52974 285.26584
495.04097 1.45554 1960.33474
1.01148 3.91074 1999.23538
494.41150 1.23853 1910.76405
491.65977 1.27415 1999.52610
2.79655 2.45245 35.90754
445.23664 3.29069 226.87347
1.02175 3.39858 1999.34838
367.0 3.0 177.0
500.00000 2.78 16.30
82.4 1.0 49.756
404.70978 2.42767 1011.94576
491.59617 1.01653 1955.89095
469.0 4.0 1077.0
271.62071 3.10790 1825.30438
494.12916 1.36389 1991.50536
316.94 2.03 1282.22722
227.0 2.3 273.0
411.0 4.0 1769.0
494.17830 1.00026 1974.96129
14.0 3.0 774.0
493.64578 1.39182 1905.77194
490.03683 1.49712 1950.91363
63.00000 2.00000 126.00000
498.89842 1.67967 555.15306
455.82225 1.38499 147.11417
495.58659 1.25897 1961.53034
494.43282 1.04833 1940.78058
497.49133 1.00907 1907.65901
491.71241 1.37657 1917.63670
495.39279 1.34755 1967.83068
279.93696 1.6683 991.9
1.01020 3.59291 1999.44349
68.4992 2.212 1.0
113.0 3.0 1357.0
490.43878 1.23570 1932.52765
459.86284 1.06909 861.94377
220.13012 1.77375 936.25821
63.6505 2.80284 265.2823
497.19839 1.09538 1991.49591
224.45202 3.57415 872.10388
125.2 2.0 1943.11259
494.30654 1.20019 1962.37528
496.60692 1.11534 1999.11016
26.8 2.0 1089.35625
496.76521 1.16528 1990.27313
262.77577 3.49052 25.12233
490.58120 1.01542 1914.09268
1.00224 3.84365 1999.16546
328.00000 1.00000 355.00000
490.98712 1.10261 1900.50178
252.0 3.0 211.0
15.023 4.000 938.87
390.0 1.0 1097.0
493.09255 1.28992 1928.70151
490.79891 1.14084 1987.53361
385.7 3.3096 95.63231
363.00000 2.00000 726.00000
494.29523 1.02226 1916.13345
490.35847 1.16091 1919.23025
474.4 2.7327 1208.15422
49.83187 1.24902 1429.60992
294.0 1.0 539.0
481.21 1.0 1825.0
490.82873 1.33417 1933.19734
1.09038 2.61810 2.55727
408.69 1.20482 1935.0
365.65362 1.44948 804.57942
60.0 4.0 1028.0
438.90542 2.44491 1410.46884
390.00000 3.00000 416.00000
1.0 2.13253 38.10
403.69984 2.22779 42.63
331.66053 3.13905 1600.73015
252.0 1.44233 1479.12
