100
3 8
5 6 9 4 8 2 1 7
3 1
2
3 10
2 4 8 16 32 64 100 100 100 100
3 10
1 4 4 4 4 4 4 4 4 4
100 1
100
3 5
11 20 60 22 100
2 10
100 100 100 100 100 100 100 100 100 100
3 5
100 100 100 100 100
3 4
1 6 12 49
2 6
9 64 19 16 81 80
1 10
100 100 100 100 100 100 100 100 100 100
1 10
1 1 1 1 1 1 1 1 1 1
2 1
1
1 5
14 4 38 47 48
1 9
55 1 52 53 13 3 45 5 21
9 1
31
16 9
1 82 39 82 19 27 2 25 8
9 5
62 80 1 5 5
16 1
23
1 1
6
5 7
70 5 64 1 91 8 1
2 3
43 4 59
12 4
11 73 83 43
1 5
11 16 57 21 88
3 1
91
2 3
31 1 38
21 9
6 60 88 11 15 1 1 6 4
7 9
61 9 44 6 64 45 3 1 47
17 3
15 88 40
5 6
20 55 48 53 14 15
3 9
92 30 7 71 13 2 94 50 13
7 7
14 1 18 1 70 1 1
20 2
5 24
1 7
58 99 3 14 8 24 11
5 2
4 1
20 3
72 1 3
1 8
1 22 1 60 34 24 4 8
6 1
5
3 8
5 16 20 5 81 1 80 21
16 6
73 48 25 36 7 2
1 3
21 1 1
17 7
9 32 17 63 84 36 30
13 5
4 19 90 9 7
1 3
55 31 12
23 8
44 29 43 44 16 1 91 1
25 1
13
1 3
46 67 31
13 7
32 81 32 78 92 1 2
3 9
41 98 79 1 78 16 23 9 58
4 4
58 2 29 5
1 9
87 86 23 8 69 64 74 6 72
5 9
3 2 5 3 24 40 18 10 2
1 2
14 93
1 8
65 39 28 83 50 54 20 2
1 6
79 11 42 40 2 38
1 7
39 99 4 19 84 1 83
5 1
31
20 3
1 8 1
24 5
20 9 2 2 35
1 5
80 19 1 28 54
5 8
71 86 35 65 1 1 4 22
2 5
57 62 16 23 19
23 4
58 9 45 31
25 3
70 21 58
2 5
69 48 84 70 5
11 1
11
1 5
18 21 82 1 48
21 8
97 34 58 30 84 1 24 1
1 6
2 23 20 65 23 1
1 6
47 28 10 73 2 12
6 6
42 2 49 41 1 8
8 4
35 1 67 20
6 1
72
11 2
33 61
14 1
94
1 2
9 39
9 4
9 26 42 80
1 7
5 42 7 6 11 74 15
6 1
65
11 3
58 35 76
23 9
17 96 1 1 53 15 4 7 22
22 2
66 25
8 1
62
1 9
11 21 35 8 60 37 1 85 26
14 9
10 11 47 22 1 40 81 11 30
2 5
5 81 20 8 51
4 6
96 15 41 5 2 61
8 2
8 92
7 8
8 36 33 9 72 9 18 2
13 8
44 46 63 20 19 57 45 11
3 9
3 23 5 12 3 54 4 32 5
1 7
15 34 40 1 70 8 50
4 7
31 28 9 4 57 60 70
15 4
10 4 31 82
2 5
2 13 73 41 31
5 9
4 81 51 46 90 20 9 88 27
3 8
93 89 6 1 23 69 2 64
14 1
14
15 8
9 43 20 26 2 90 1 9
6 6
48 49 12 44 4 1
