1000
77 478
138 844
27 245
19 295
181 731
163 658
90 555
30 891
181 730
150 606
219 439
282 565
135 271
382 765
317 635
1 1000
212 425
212 501
69 429
69 428
69 430
69 521
79 835
79 834
79 836
79 865
115 948
115 947
115 949
115 957
353 707
353 763
296 593
296 885
384 769
384 982
66 270
66 269
66 271
66 320
101 203
177 355
177 542
31 201
31 200
31 202
31 263
85 525
85 524
85 526
85 534
21 531
21 530
21 532
21 547
46 93
46 151
92 764
92 763
92 765
92 877
291 583
291 618
206 413
206 668
215 431
215 533
99 199
99 371
423 847
423 911
21 456
21 455
21 457
21 526
35 783
35 782
35 784
35 825
156 951
156 950
156 952
156 985
228 457
228 554
210 421
210 724
151 303
151 380
75 795
75 794
75 796
75 799
215 431
215 583
338 677
338 767
227 455
227 572
83 513
83 512
83 514
83 657
372 745
372 951
389 779
389 816
119 239
119 244
158 317
158 326
43 582
43 581
43 583
43 625
69 735
69 734
69 736
69 752
218 878
218 877
218 879
218 933
58 625
58 624
58 626
58 648
289 579
289 818
59 369
59 368
59 370
59 432
311 623
311 631
12 210
12 209
12 211
12 243
44 707
44 706
44 708
44 802
294 589
294 850
72 145
72 179
27 730
27 729
27 731
27 808
255 511
255 718
324 649
324 959
152 305
152 486
309 619
309 824
265 531
265 601
207 834
207 833
207 835
207 990
242 485
242 930
447 895
447 943
170 686
170 685
170 687
170 780
54 339
54 338
54 340
54 442
393 787
393 908
385 771
385 950
45 186
45 185
45 187
45 229
200 401
200 618
323 647
323 763
89 362
89 361
89 363
89 449
111 681
111 680
111 682
111 841
390 781
390 897
57 615
57 614
57 616
57 631
211 423
211 479
277 555
277 998
6 546
6 545
6 547
6 584
201 403
201 594
337 675
337 852
97 195
97 358
224 902
224 901
224 903
224 915
148 297
148 521
184 742
184 741
184 743
184 851
243 487
243 801
271 543
271 658
113 227
113 325
38 77
38 87
201 403
201 587
3 297
3 296
3 298
3 314
307 615
307 972
119 482
119 481
119 483
119 511
84 885
84 884
84 886
84 983
100 406
100 405
100 407
100 541
7 232
7 231
7 233
7 268
431 863
431 903
76 153
76 203
91 756
91 755
91 757
91 894
38 623
38 622
38 624
38 669
16 315
16 314
16 316
16 370
246 493
246 836
124 759
124 758
124 760
124 964
88 543
88 542
88 544
88 628
218 437
218 746
25 603
25 602
25 604
25 616
411 823
411 856
195 391
195 661
236 473
236 653
253 507
253 830
316 633
316 978
57 749
57 751
57 772
337 771
46 395
46 397
46 474
35 782
35 784
35 833
168 540
197 588
278 917
291 589
344 700
22 714
22 716
22 755
199 801
199 803
199 850
165 665
165 667
165 756
151 325
98 602
98 604
98 773
210 433
430 936
119 728
119 730
119 838
246 784
232 586
299 743
464 951
108 377
256 889
144 878
144 880
144 930
238 535
38 949
38 951
38 969
373 993
225 899
22 57
52 213
52 215
52 221
413 842
292 716
246 494
158 554
180 657
39 248
39 250
39 300
1 819
1 821
1 900
373 965
105 867
105 869
105 993
125 505
125 507
125 695
39 161
39 163
39 172
356 735
62 809
62 811
62 887
107 433
107 435
107 558
270 617
272 729
85 345
85 347
85 368
153 491
192 481
321 854
210 453
21 779
21 781
21 869
244 676
119 728
119 730
119 853
27 729
27 731
27 763
285 621
199 753
65 265
65 267
65 398
194 460
151 327
5 395
5 397
5 450
71 917
71 919
71 994
18 171
18 173
18 181
407 841
223 520
306 925
300 710
396 850
5 584
5 586
5 587
464 935
80 301
181 366
423 874
276 732
270 552
28 117
28 119
28 127
121 740
121 742
121 797
131 800
131 802
131 958
192 387
357 909
65 199
20 370
20 372
20 379
253 844
191 618
82 291
188 547
44 278
44 280
44 375
198 797
198 799
198 913
106 650
106 652
106 673
255 577
162 328
109 441
109 443
109 600
98 811
98 813
98 827
171 689
171 691
171 888
2 15
114 698
114 700
114 858
107 433
107 435
107 626
16 155
16 157
16 170
254 863
80 325
80 327
80 436
15 147
15 149
15 188
49 776
49 778
49 791
427 931
278 559
481 967
53 136
246 797
262 681
38 521
38 523
38 560
328 857
137 553
137 555
137 601
293 882
232 724
450 967
36 315
36 317
36 378
5 199
5 201
5 225
121 390
258 969
220 885
220 887
220 894
272 608
298 642
210 748
170 685
170 687
170 691
284 596
23 566
23 568
23 646
26 620
26 622
26 634
241 617
33 849
33 851
33 855
159 584
114 939
114 941
114 972
223 788
72 929
72 931
72 944
129 343
4 773
4 775
4 830
83 512
83 514
83 615
261 619
150 605
150 607
150 684
294 730
234 615
22 548
22 550
22 564
312 710
35 162
238 658
82 237
288 949
142 831
153 384
54 778
299 839
42 244
172 938
95 908
2 671
115 424
36 957
19 600
181 881
124 919
34 585
235 553
183 659
162 333
321 716
331 774
187 677
295 831
1 354
93 984
184 886
218 747
31 903
232 888
35 569
384 949
100 552
20 627
294 803
84 496
18 791
107 750
424 969
53 130
49 193
168 427
237 903
43 271
434 897
94 265
120 964
155 829
164 874
365 781
285 703
303 691
66 313
25 214
96 269
250 687
239 511
95 621
50 878
193 944
276 797
296 676
403 974
69 316
7 589
112 678
83 425
196 945
69 890
56 686
155 786
11 250
96 346
126 785
266 643
44 829
270 776
165 537
164 731
25 631
136 435
73 382
407 817
189 947
336 972
266 626
296 676
149 453
38 544
174 950
150 790
211 555
271 849
136 547
195 758
67 836
222 459
118 354
77 787
6 445
77 271
261 899
207 908
43 244
16 567
66 564
329 752
111 858
258 599
3 328
26 821
68 208
65 430
260 714
20 429
110 989
48 810
137 399
271 883
375 916
126 565
109 725
111 838
271 756
352 761
10 55
19 681
286 602
252 725
5 398
7 141
15 707
210 758
37 981
24 482
337 843
379 938
102 911
98 962
216 717
57 836
232 943
112 582
38 245
48 661
153 309
151 791
34 426
99 992
186 795
352 818
91 771
242 662
5 851
184 479
180 366
64 243
94 721
61 555
7 777
269 678
140 493
221 686
256 748
15 775
15 794
191 428
129 977
147 324
317 849
222 620
45 708
285 696
316 669
238 990
37 673
379 888
86 684
59 508
29 663
133 485
414 892
482 989
250 716
74 590
466 981
329 818
226 643
231 663
39 552
181 479
102 896
12 373
87 618
117 988
316 912
65 188
118 451
143 435
64 537
134 915
259 815
172 434
80 526
282 566
136 499
55 472
164 420
274 641
76 450
356 741
232 492
395 792
274 806
36 162
145 321
309 969
96 264
80 438
271 890
365 852
4 412
190 727
215 439
226 643
240 901
12 133
346 845
95 522
155 530
288 626
205 591
27 444
37 482
30 216
380 867
87 263
75 707
270 551
199 500
21 995
27 133
278 665
338 756
280 649
224 578
275 920
180 977
404 954
108 625
244 825
165 387
70 962
175 538
183 410
336 942
187 471
308 869
52 355
413 941
340 801
259 696
59 269
7 433
281 742
153 923
288 913
88 710
25 702
120 684
279 650
201 421
237 704
227 819
299 904
129 785
64 981
26 600
67 172
95 536
140 650
367 881
333 833
107 753
277 679
107 677
242 600
65 537
289 667
217 671
75 605
20 917
386 774
214 951
33 298
101 386
372 819
331 755
332 801
72 259
258 741
245 851
324 756
13 531
299 918
32 980
33 404
356 912
93 969
29 721
248 941
27 307
223 917
20 210
291 980
86 229
137 384
6 390
53 687
299 909
168 560
116 849
62 995
68 407
197 804
234 536
395 961
62 801
190 801
136 626
305 727
235 475
47 763
221 453
78 827
267 673
92 929
47 850
167 514
109 450
65 552
5 140
122 573
401 919
182 911
83 873
118 483
253 574
491 991
60 240
28 332
49 692
106 335
317 726
143 753
152 362
71 470
54 117
327 964
87 290
66 595
397 996
24 172
120 558
214 534
72 320
5 768
21 76
40 232
119 636
237 851
136 768
114 303
108 310
375 833
404 996
229 721
9 758
170 757
278 939
5 746
269 866
247 685
417 893
219 915
141 662
246 992
121 954
333 845
246 866
58 979
171 371
93 711
135 621
60 340
296 883
398 988
255 924
16 619
65 832
252 577
26 402
342 761
449 931
56 755
247 963
210 596
60 870
147 334
175 943
83 504
301 866
342 948
264 833
43 960
346 959
160 852
150 938
107 728
207 667
160 643
234 689
124 695
189 823
291 872
315 945
218 818
184 662
230 967
303 801
229 838
225 694
25 238
331 770
313 998
256 691
32 177
121 435
251 597
19 589
104 602
