1000
21 197
71 756
19 295
27 245
181 731
77 477
85 895
178 718
71 755
156 630
321 643
317 635
155 311
379 759
102 205
1 1000
9 69
9 68
9 70
9 98
204 409
204 729
148 598
148 597
148 599
148 698
10 658
10 657
10 659
10 674
76 153
76 248
57 750
57 749
57 751
57 825
255 511
255 547
308 617
308 670
143 578
143 577
143 579
143 844
370 741
370 807
14 99
14 98
14 100
14 136
269 539
269 809
71 143
71 248
153 307
153 425
92 965
92 964
92 966
92 999
10 390
10 389
10 391
10 434
211 423
211 630
97 195
97 308
64 262
64 261
64 263
64 346
165 666
165 665
165 667
165 913
70 745
70 744
70 746
70 796
386 773
386 981
6 765
6 764
6 766
6 796
200 401
200 681
180 361
180 607
316 633
316 777
150 606
150 605
150 607
150 813
53 218
53 217
53 219
53 297
480 961
480 980
292 585
292 611
139 562
139 561
139 563
139 571
78 157
78 169
63 822
63 821
63 823
63 971
469 939
469 954
16 741
16 740
16 742
16 750
267 535
267 705
21 43
21 64
24 759
24 758
24 760
24 836
227 455
227 805
66 270
66 269
66 271
66 337
3 738
3 737
3 739
3 789
52 565
52 564
52 566
52 591
308 617
308 769
134 819
134 818
134 820
134 991
61 798
61 797
61 799
61 909
103 207
103 274
41 83
41 164
54 585
54 584
54 586
54 644
59 242
59 241
59 243
59 348
230 461
230 621
98 812
98 811
98 813
98 953
123 247
123 267
99 609
99 608
99 610
99 780
219 439
219 466
51 210
51 209
51 211
51 314
141 570
141 569
141 571
141 713
51 210
51 209
51 211
51 249
136 831
136 830
136 832
136 860
17 684
17 683
17 685
17 732
157 315
157 522
381 763
381 892
404 809
404 951
413 827
413 859
178 357
178 551
69 282
69 281
69 283
69 320
25 603
25 602
25 604
25 652
60 375
60 374
60 376
60 419
213 427
213 641
9 429
9 428
9 430
9 447
97 597
97 596
97 598
97 728
89 362
89 361
89 363
89 536
197 395
197 563
263 527
263 658
62 810
62 809
62 811
62 820
154 622
154 621
154 623
154 784
76 636
76 635
76 637
76 760
31 130
31 129
31 131
31 175
314 629
314 650
203 818
203 817
203 819
203 983
38 332
38 331
38 333
38 421
133 813
133 812
133 814
133 946
60 246
60 245
60 247
60 276
454 909
454 954
249 499
249 681
56 738
56 737
56 739
56 782
63 393
63 392
63 394
63 496
452 905
452 953
376 753
376 976
276 553
276 608
322 645
322 709
210 846
210 845
210 847
210 924
257 515
257 960
271 543
271 598
75 628
75 627
75 629
75 765
45 606
45 605
45 607
45 705
383 767
383 787
477 955
477 958
319 639
319 1000
21 255
21 254
21 256
21 274
173 347
173 447
68 277
68 279
68 406
114 698
114 700
114 787
345 771
161 491
217 612
88 187
165 665
165 667
165 908
302 861
94 779
94 781
94 819
174 664
102 626
102 628
102 644
120 436
172 450
128 782
128 784
128 825
442 954
242 843
210 679
255 807
63 392
63 394
63 434
374 793
375 989
80 494
80 496
80 506
109 668
109 670
109 743
91 755
91 757
91 916
133 812
133 814
133 819
137 529
54 459
54 461
54 505
297 620
310 661
231 862
193 777
193 779
193 875
51 320
51 322
51 331
151 365
262 651
372 978
34 566
34 568
34 631
354 736
290 857
242 974
257 559
256 977
358 990
30 125
30 127
30 135
152 613
152 615
152 713
161 541
25 875
25 877
25 881
5 242
5 244
5 267
193 777
193 779
193 955
92 566
92 568
92 569
35 889
35 891
35 894
215 746
206 546
213 800
3 737
3 739
3 798
258 665
103 632
103 634
103 724
180 716
59 121
102 413
102 415
102 471
14 688
14 690
14 762
82 683
82 685
82 700
181 646
315 867
5 289
5 291
5 296
138 310
304 650
136 549
136 551
136 703
356 897
286 635
276 604
53 139
214 549
23 341
23 343
23 346
41 355
41 357
41 395
234 564
300 603
209 600
18 626
18 628
18 703
74 458
74 460
74 530
219 881
219 883
219 941
86 715
86 717
86 762
229 463
267 581
216 869
216 871
216 971
115 465
115 467
115 635
58 237
58 239
58 346
65 404
65 406
65 493
334 983
103 417
103 419
103 453
166 669
166 671
166 908
89 300
347 954
68 422
68 424
68 471
168 677
168 679
168 697
378 762
275 917
40 165
40 167
40 227
115 413
68 422
68 424
68 517
108 662
108 664
108 693
128 782
128 784
128 814
175 705
204 821
204 823
204 998
137 968
420 876
163 417
193 800
366 986
92 889
180 431
98 577
20 707
27 930
104 606
1 631
20 731
63 172
332 913
136 796
324 818
149 581
4 473
128 699
299 801
91 201
390 853
33 215
36 673
214 504
60 854
145 366
75 834
38 534
42 366
168 518
113 562
179 380
203 945
184 911
10 484
275 840
310 649
331 951
57 201
26 503
89 611
105 752
34 846
94 670
22 502
48 442
210 800
111 584
259 853
4 864
43 155
54 985
9 403
391 855
143 826
129 710
219 787
363 829
98 279
138 801
123 287
260 741
17 745
191 429
379 887
94 243
8 885
372 1000
299 768
230 960
65 888
37 719
293 748
110 659
262 642
63 827
123 919
19 40
130 538
22 224
53 903
205 920
96 231
45 941
74 966
78 233
280 749
198 954
29 410
163 838
38 243
14 898
63 867
10 354
103 852
204 827
75 680
187 562
35 628
138 566
248 875
148 740
333 798
9 782
333 859
76 862
318 924
28 530
79 451
89 466
1 53
76 350
49 493
211 616
157 321
138 426
118 476
82 946
128 464
117 522
98 247
179 567
225 899
164 458
214 945
157 968
274 949
224 757
173 952
208 611
3 370
81 228
5 491
65 157
270 634
130 921
439 906
108 556
82 674
256 802
51 264
443 966
43 144
193 712
220 653
227 469
186 741
73 482
74 811
295 803
213 756
200 667
20 556
208 695
114 919
54 210
33 787
125 546
22 446
47 851
78 385
346 914
146 841
263 976
115 925
223 531
246 655
179 718
58 891
9 713
9 278
170 727
248 898
234 585
139 475
434 869
295 842
88 497
249 623
14 613
233 533
22 535
56 216
197 447
21 865
3 681
112 364
283 964
148 879
76 167
212 609
217 990
229 461
25 208
348 955
334 922
41 957
118 503
145 356
152 780
435 888
78 929
336 940
185 638
380 796
103 470
39 274
157 422
328 827
294 619
107 260
161 974
208 770
243 649
276 951
28 414
144 497
86 771
82 529
95 907
197 586
264 936
218 800
262 892
462 964
155 371
354 730
106 705
30 216
182 665
306 839
43 830
216 709
155 737
361 952
102 754
23 172
129 742
328 883
158 552
82 613
452 997
204 933
51 728
290 899
273 722
345 967
216 633
112 903
182 742
40 458
113 347
136 613
390 922
7 214
79 590
258 820
61 910
8 126
159 736
383 932
332 929
447 985
147 525
5 91
153 504
316 983
160 917
142 753
111 352
99 676
167 669
149 992
68 480
164 677
123 359
413 993
82 743
189 651
256 686
302 985
235 571
150 768
143 952
382 792
225 728
145 669
121 255
126 796
367 811
177 700
76 194
112 334
62 288
129 468
147 496
351 816
146 400
48 363
122 493
25 259
118 613
204 675
247 625
138 623
1 629
414 974
190 433
305 788
106 258
353 968
198 523
262 736
126 277
151 578
281 842
8 922
72 940
155 819
165 850
331 809
231 596
191 808
112 655
107 256
71 822
131 640
255 930
233 475
366 823
300 982
182 595
39 898
32 757
119 567
106 403
116 666
28 664
120 612
122 741
98 758
172 590
203 526
310 637
359 905
296 938
220 745
59 962
159 361
17 276
54 797
227 536
397 926
68 512
128 806
344 845
448 929
26 389
308 820
361 733
464 951
146 784
127 893
226 643
297 962
11 182
294 663
305 643
210 743
185 998
398 914
74 354
199 508
19 553
335 762
10 893
21 394
384 782
30 562
28 605
259 813
45 842
48 819
99 336
68 627
240 824
146 478
53 422
212 938
214 543
129 886
40 116
248 774
54 670
314 709
95 586
220 996
334 852
203 910
116 378
331 843
394 829
122 860
91 714
228 755
93 875
36 958
124 851
231 477
274 626
99 866
142 476
396 959
260 823
290 911
200 468
311 995
28 203
81 472
436 873
92 552
66 612
4 212
195 688
1 384
107 801
114 301
220 490
70 200
116 525
97 284
58 900
12 569
328 990
235 643
3 420
218 627
126 621
132 431
15 452
305 952
184 946
233 559
40 599
47 680
234 505
323 745
36 885
218 901
132 957
278 787
7 505
432 994
198 679
96 317
75 815
82 547
181 580
99 655
76 967
162 849
114 971
40 125
37 352
157 480
115 851
57 189
255 609
100 572
266 535
94 305
320 658
133 464
62 596
428 954
233 788
87 406
82 980
21 480
