1
100 3 5 7
16 4 1 16 16 4 4
3 15 1 75 5 5 25
5 50 25 5 50 5 5
4 4 1 4 4 2 4
5 1 25 10 5 10 5
4 10 10 10 4 20 2
3 18 2 3 1 18 9
5 5 5 5 10 10 5
20 25 20 100 20 5 1
3 5 4 15 3 12 3
60 15 60 60 12 20 5
20 12 1 1 15 20 12
12 12 1 4 1 4 1
5 75 3 1 25 75 5
12 4 1 60 15 15 1
4 20 10 10 1 2 10
8 10 8 2 40 20 20
1 1 16 8 32 4 32
15 3 5 1 5 15 5
1 1 1 4 4 12 1
18 3 18 6 2 6 9
5 50 10 10 5 10 10
2 50 1 25 5 5 10
12 4 36 3 9 1 3
3 6 4 6 12 6 12
6 1 4 2 1 6 6
45 15 45 3 3 1 15
3 2 6 4 3 12 8
12 3 2 24 6 4 1
1 2 20 10 2 2 2
4 4 1 5 1 5 2
6 1 6 4 4 2 4
2 16 4 4 16 4 2
2 4 2 2 10 4 2
20 80 4 1 20 5 1
5 15 5 75 3 15 3
4 80 20 20 20 4 20
9 9 3 4 9 36 3
5 20 20 20 25 5 4
16 16 48 4 4 48 1
15 15 25 1 5 5 15
20 1 25 1 1 1 4
4 8 1 12 24 4 24
1 12 12 2 4 2 1
3 15 15 1 3 4 12
1 2 12 6 24 3 8
2 2 3 30 15 1 15
20 2 10 2 10 10 5
5 20 2 1 2 5 2
8 12 4 8 6 24 6
5 20 20 20 20 4 80
1 6 8 3 6 8 4
27 27 3 1 9 9 9
2 4 8 20 20 4 4
2 5 2 2 2 3 6
1 100 1 5 20 20 1
12 24 6 12 4 2 6
6 1 2 30 2 10 15
1 9 3 15 3 15 15
1 1 3 60 5 12 12
6 3 24 12 24 1 1
60 20 60 60 1 20 3
24 4 4 4 6 3 6
125 1 1 125 1 25 5
5 5 15 5 75 1 25
24 3 1 8 6 3 24
40 20 40 4 10 4 10
8 24 2 3 12 12 1
10 20 10 20 2 10 1
30 2 2 15 5 1 5
2 4 8 32 32 8 1
2 1 1 4 4 1 16
3 2 10 10 6 1 6
32 32 4 16 4 32 16
15 15 1 3 5 45 1
16 8 4 16 16 8 2
2 8 2 8 4 12 3
5 15 5 15 20 4 5
12 4 12 3 12 1 12
10 40 10 4 10 10 8
4 2 8 4 4 4 16
2 6 2 6 6 6 3
5 3 3 3 5 5 12
25 15 1 1 3 15 25
20 5 4 16 80 80 80
4 4 12 3 24 24 4
8 40 5 2 4 2 5
32 8 8 8 32 8 4
10 8 40 1 5 4 10
12 12 12 1 12 12 12
9 15 3 15 15 5 15
5 1 3 12 20 1 15
12 24 8 4 3 24 2
8 8 2 8 2 16 2
8 8 1 4 1 8 8
3 2 1 5 3 30 5
25 125 25 25 1 25 25
1 1 20 4 5 10 5
1 8 12 6 3 12 2
5 25 25 1 25 4 20
